10 10 
94.000000 19.000000 0.000000 64.000000 0.000000 0.000000 0.000000 0.000000 0.000000 0.000000 
31.000000 0.000000 0.000000 0.000000 0.000000 0.000000 73.000000 0.000000 0.000000 0.000000 
0.000000 0.000000 0.000000 34.000000 0.000000 0.000000 0.000000 0.000000 99.000000 0.000000 
0.000000 0.000000 0.000000 0.000000 78.000000 0.000000 0.000000 6.000000 0.000000 0.000000 
0.000000 0.000000 92.000000 0.000000 0.000000 0.000000 75.000000 0.000000 26.000000 0.000000 
0.000000 0.000000 0.000000 2.000000 0.000000 0.000000 15.000000 0.000000 0.000000 87.000000 
0.000000 0.000000 0.000000 0.000000 0.000000 0.000000 80.000000 0.000000 0.000000 0.000000 
97.000000 0.000000 86.000000 18.000000 0.000000 0.000000 0.000000 0.000000 0.000000 0.000000 
0.000000 0.000000 31.000000 79.000000 0.000000 0.000000 0.000000 0.000000 0.000000 0.000000 
0.000000 0.000000 0.000000 20.000000 65.000000 0.000000 0.000000 0.000000 0.000000 0.000000 
