10 10 
0.052632 0.058824 0.066667 0.076923 0.090909 0.111111 0.142857 0.200000 0.333333 1.000000 
0.058824 0.066667 0.076923 0.090909 0.111111 0.142857 0.200000 0.333333 1.000000 -1.000000 
0.066667 0.076923 0.090909 0.111111 0.142857 0.200000 0.333333 1.000000 -1.000000 -0.333333 
0.076923 0.090909 0.111111 0.142857 0.200000 0.333333 1.000000 -1.000000 -0.333333 -0.200000 
0.090909 0.111111 0.142857 0.200000 0.333333 1.000000 -1.000000 -0.333333 -0.200000 -0.142857 
0.111111 0.142857 0.200000 0.333333 1.000000 -1.000000 -0.333333 -0.200000 -0.142857 -0.111111 
0.142857 0.200000 0.333333 1.000000 -1.000000 -0.333333 -0.200000 -0.142857 -0.111111 -0.090909 
0.200000 0.333333 1.000000 -1.000000 -0.333333 -0.200000 -0.142857 -0.111111 -0.090909 -0.076923 
0.333333 1.000000 -1.000000 -0.333333 -0.200000 -0.142857 -0.111111 -0.090909 -0.076923 -0.066667 
1.000000 -1.000000 -0.333333 -0.200000 -0.142857 -0.111111 -0.090909 -0.076923 -0.066667 -0.058824 
